# N # Messzeit: 154196 # Start: 2945138 # Stopp: 7304 ? 4818 ? 8464 #
       0
       0
       0
      17
      67
      62
      50
      51
      71
      56
      60
      62
      73
      71
      71
      73
      45
      65
      77
      75
      98
      95
      71
      61
      54
      80
      56
      53
      48
      62
      48
      52
      51
      51
      53
      50
      54
      50
      57
      40
      43
      40
      40
      49
      42
      58
      40
      45
      56
      41
      43
      54
      48
      37
      38
      46
      37
      46
      44
      30
      51
      41
      44
      36
      44
      44
      40
      37
      35
      41
      31
      33
      37
      45
      38
      41
      34
      31
      25
      37
      39
      32
      29
      29
      31
      35
      32
      31
      31
      31
      28
      36
      29
      25
      27
      21
      35
      33
      19
      34
      33
      34
      21
      22
      26
      24
      31
      32
      26
      25
      28
      24
      21
      26
      17
      24
      21
      23
      24
      28
      24
      15
      20
      14
      22
      18
      21
      21
      21
      23
      30
      21
      18
      17
      24
      22
      19
      21
      17
      17
      16
      23
      17
      13
      21
      16
      19
      20
      14
      23
      14
      16
      15
      11
      21
      18
      14
      14
      15
      12
      13
      20
      20
      13
      12
      15
      17
      10
      19
      10
      14
      10
      11
      12
      24
       7
       8
      16
      13
      11
      21
      13
       8
      10
      13
       8
      17
      13
      10
       9
      12
       9
      14
      13
      12
      17
      12
      10
      11
      11
       9
       9
      12
      13
       8
      10
      10
      13
      13
      14
      13
      13
       7
       6
       6
       9
      11
       6
      10
      11
       7
      11
      10
       8
       9
      11
       5
       7
       7
       6
      11
      10
       9
       7
       6
       8
       7
       8
       2
       8
      13
       3
       5
      10
       7
       8
       5
       4
       9
       4
      11
      10
       3
       6
      10
       3
      10
       8
       6
       5
       5
       6
       4
      11
       4
       3
       8
       3
       4
       7
       7
       3
       3
       3
       7
       6
       7
       5
       6
       4
       8
       6
       4
       6
       5
      10
       4
       3
       5
       7
       5
       1
       3
       8
       5
       5
       4
       4
       3
       8
       8
       5
       2
       4
       4
       1
       3
       0
       4
       5
       1
       4
       6
       6
       5
       4
       4
       8
       4
       2
       5
       5
       6
       3
       3
       5
       3
       1
       3
       6
       3
       2
       4
       3
       3
       3
       3
       1
       4
       4
       3
       3
       1
       3
       3
       5
       1
       1
       5
       4
       2
       3
       4
       5
       2
       6
       2
       4
       6
       2
       2
       1
       5
       3
       0
       4
       2
       1
       2
       2
       4
       4
       3
       4
       2
       2
       2
       3
       0
       3
       4
       4
       5
       2
       3
       3
       2
       1
       3
       3
       0
       3
       4
       2
       0
       1
       1
       3
       3
       2
       3
       3
       1
       3
       5
       1
       1
       2
       3
       1
       2
       7
       3
       0
       2
       0
       0
       0
       0
       0
       0
       0
       0
       0
       0
       0
       0
       0
       0
       0
       0
       0
       0
       0
       0
       0
       0
       0
       0
       0
       0
       0
       0
       0
       0
       0
       0
       0
       0
       0
       0
       0
       0
       0
       0
       0
       0
       0
       0
       0
       0
       0
       0
       0
       0
       0
       0
       0
       0
       0
       0
       0
       0
       0
       0
       0
       0
       0
       0
       0
       0
       0
       0
       0
       0
       0
       0
       0
       0
       0
       0
       0
       0
       0
       0
       0
       0
       0
       0
       0
       0
       0
       0
       0
       0
       0
       0
       0
       0
       0
       0
       0
